bigMD2.5Om27                                 
 A    = 0.59830
 I    =    0 Nrow =    0 Ngrid=    0
 Omega_0=  0.30711 Omega_L=  0.69288 hubble =  0.67770 buffer width (Mpch) =  5.00000
 Force softening (kpch)               =  10.000
 Minimum distance between halos (kpch)=  50.000
 Number of neighbours for  particles  = 20
 Number of buffered particles         =  20000
 Split factor for adaptive mesh       =  8
 Number of radial bins                =   30
 Step in radius dlog10                = 0.05000
 Mass of smallest particle (Msunh)    =  1.5054E+09
 Subhalos rejection: virial ratio     =   1.200
 offset parameter limit               =   0.200
 radius overshoot factor              =   1.100
 Overdensity limit                    =  296.64
     XYZ(Mpch)                          Vxyz(km/s)                  Mbound     Mtot/Msunh    Rvir(kpch) Vrms(km/s) Vcirc(km/s)       Nhalo  Cvir    Nparticles  Distinct/Sub   Xoff  2K/Ep-1   Lambda   RadRMS/kpch   b/a  c/a MajorAxis:  x      y      z  
     1.8530     1.6372     0.0446       -50.87    268.38    184.25  3.0108E+10  3.1614E+10  67.090       56.64       56.20               1   2.200       20.00               0  0.1047      0.4717      6.9133E-02   45.37      0.1532      4.0320E-02  0.7080      0.1138      0.6970    
     3.1256     0.9614     0.5033       -58.52    286.24    236.39  1.0237E+11  1.0387E+11  99.727       80.23       86.78               2   2.973       68.00               0  0.1085      0.1298      3.9709E-02   64.08      0.2458      5.8232E-02  0.7740      8.8822E-02  0.6270    
     2.3514     0.7255     1.6136       -35.28    260.97    220.25  4.8173E+10  4.8173E+10  77.459       77.40       78.26               3   8.692       32.00               0  0.1676      0.3418      4.2246E-02   39.02      0.9278      0.7243     -0.2059     -0.4948      0.8442    
     3.8310     0.6379     1.1297       -40.70    337.10    281.23  8.1292E+10  8.2798E+10  92.472       85.06       83.20               4   4.425       54.00               0  0.1279      0.2990      4.1872E-02   53.91      0.6400      0.3232     -0.5595      0.8088      0.1812    
     3.5447     0.1658     1.4838       -68.62    315.12    262.28  7.0754E+10  7.3765E+10  88.872       77.63       76.03               5   2.663       47.00               0  0.1389      0.4048      3.8854E-02   55.93      0.4518      0.2100      0.3783      0.1864      0.9067    
     1.9737     0.0192     2.7199        -7.84    268.10    231.34  4.0646E+10  4.2151E+10  73.846       80.90       84.91               6   15.83       27.00               0  0.1480      0.4867      5.5705E-02   31.81      0.7137      0.6192      0.5827      0.3822     -0.7172    
     2.3320     0.2164     2.5953        -6.03    236.25    219.78  9.9357E+10  1.0538E+11  100.21       89.74       90.05               7   5.117       66.00               0  8.9271E-02  0.3154      7.0080E-02   56.50      0.5072      0.4688      0.5409      0.7498     -0.3810    
     1.9002     0.6746     5.1694         5.20    254.37    274.80  4.6668E+10  4.8173E+10  77.198       70.04       72.62               8   6.299       31.00               0  0.1419      0.2851      1.4018E-02   39.78      0.7200      0.5999      0.4123      0.8021     -0.4320    
     1.3156     1.9407     7.3388        -3.06    346.53    282.81  4.9679E+10  4.9679E+10  78.001       72.51       73.63               9   5.847       33.00               0  4.0172E-02  0.3888      6.1190E-02   42.37      0.6954      0.5468      0.9344     -0.2151      0.2839    
     1.2197     2.5547     7.3165        23.28    338.99    292.89  1.1592E+11  1.2043E+11  104.70       110.4       117.0              10   14.17       77.00               0  0.1325      0.4062      2.8267E-02   53.99      0.8804      0.6742      0.8916      0.1911      0.4105    
     1.5825     3.4514     7.5368        12.06    327.81    251.98  3.3119E+10  3.4624E+10  69.148       52.57       59.32              11   3.014       22.00               0  0.2063      0.2502      5.4181E-02   46.65      0.8281      0.1211      0.3525     -0.4622      0.8137    
     1.7194     2.9774     7.6463        15.88    342.01    278.90  8.1292E+10  8.2798E+10  92.738       78.65       82.55              12   4.188       54.00               0  0.1416      0.2077      3.1608E-02   53.47      0.6932      0.6843      0.5715      0.7236      0.3870    
     0.0904     3.8709     7.1519        29.43    311.49    257.06  7.4367E+11  7.7228E+11  194.61       183.3       178.0              13   5.361       494.0               0  0.1813      0.1732      3.4900E-02   104.5      0.6912      0.4349      0.4651      0.3365      0.8188    
     3.5105     3.4337     5.2004        37.49    354.49    310.51  3.0108E+10  3.6130E+10  70.151       75.55       61.08              14   6.238       20.00               0  0.2347       1.047      0.1343       36.84      0.6982      0.3113      0.6168      0.7871     -1.0413E-02
     3.6274     3.5388     5.1328        33.98    334.62    332.09  6.0216E+10  6.3227E+10  84.614       89.52       84.31              15   8.987       40.00               0  0.2106      0.4858      3.9602E-02   42.64      0.4958      0.4695      0.7965      0.5333     -0.2850    
     3.0176     3.4850     6.7680        23.69    370.10    309.16  1.1441E+11  1.1592E+11  103.76       92.10       90.22              16   3.133       76.00               0  0.1339      0.3074      3.0882E-02   62.22      0.7699      0.6015     -0.4367      0.8490      0.2974    
     2.4626     0.2601     4.5438       -48.10    252.59    287.67  2.8603E+10  3.0108E+10  66.009       56.06       55.79              17   2.251       19.00               0  0.2707      0.3698      7.2467E-02   45.12      0.2505      9.1978E-02 -3.9223E-02  0.9299      0.3658    
     5.3467     0.3012     7.6375      -117.29    284.38    360.88  3.0108E+10  3.7635E+10  70.965       58.05       57.05              18   3.936       20.00               0  0.2303      0.4785      3.6577E-02   45.08      0.4011      0.1496     -0.4302      0.8750     -0.2221    
     5.3365     0.5127     7.7381       -82.37    277.49    259.93  7.5271E+10  7.8281E+10  90.761       80.68       83.11              19   5.451       50.00               0  9.3316E-02  0.3102      7.8959E-02   49.65      0.7472      0.6236      0.7509      0.1541     -0.6422    
     5.6953     1.4705     7.6298      -100.84    356.12    324.24  3.1614E+10  3.3119E+10  68.145       51.75       58.84              20   3.376       21.00               0  0.1469     -1.2501E-02  0.1043       42.73      0.1500      4.5025E-02  0.7961      0.2388      0.5560    
     5.7100     3.8790     6.9644        38.77    466.26    373.04  3.6130E+10  4.3657E+10  74.476       64.96       64.26              21   5.847       24.00               0  0.2773      0.3679      5.3141E-02   42.29      0.5538      0.3128      0.9451     -0.1556     -0.2874    
     4.1641     3.5202     5.3686        -0.89    386.83    332.77  3.3119E+10  3.3119E+10  68.145       49.94       58.55              22   2.304       22.00               0  0.1661     -3.6971E-02  2.4568E-02   41.16      0.5733      0.1406      0.2977      0.8860      0.3555    
     6.4651     2.7211     4.9816      -102.58    445.12    321.94  3.4624E+10  3.4624E+10  68.916       64.58       64.44              23   5.310       23.00               0  0.1748      0.4059      7.8328E-02   38.65      0.8246      0.6854      0.7090     -0.6376      0.3014    
     5.9912     3.2589     7.4911      -101.68    479.62    313.63  8.5808E+10  9.3335E+10  96.238       95.33       87.92              24   6.185       57.00               0  0.1187      0.5237      4.8325E-02   51.94      0.6352      0.4653      0.3320     -0.7985      0.5022    
     6.3197     3.5073     7.4993       -69.37    454.86    345.61  6.3227E+10  6.4733E+10  85.193       78.27       79.29              25   5.757       42.00               0  0.1211      0.2735      0.1866       46.03      0.5282      0.3036      0.7371      0.6738     -5.2120E-02
     4.2108     0.8753     1.2595      -122.10    276.05    246.82  3.7184E+11  3.8990E+11  154.91       141.3       135.7              26   3.946       247.0               0  0.1445      0.2659      4.2245E-02   89.69      0.6440      0.5029      7.1914E-02 -0.3444      0.9361    
     4.4239     3.3833     0.8604       -48.37    338.42    207.75  4.9679E+10  4.9679E+10  77.459       73.36       75.99              27   6.896       33.00               0  9.5671E-02  0.2863      1.7166E-02   40.49      0.8988      0.7133      0.1851      0.2174      0.9584    
     7.5157     3.8700     0.1606      -147.83    465.09    259.43  4.5162E+10  4.6668E+10  76.388       61.03       65.43              28   2.565       30.00               0  0.2354      0.1946      1.7184E-02   48.82      0.3496      0.2406      0.5695      0.2078      0.7953    
     7.1453     4.6616     3.0420       -61.49    540.39    292.41  6.3227E+10  6.3227E+10  84.945       74.28       87.54              29   9.644       42.00               0  0.1484      9.5593E-02  6.7660E-02   46.32      0.7415      0.4358      0.9140     -0.3516      0.2026    
     7.3566     4.6677     2.9388       -64.77    481.84    285.31  5.2689E+10  5.8711E+10  82.440       73.37       79.09              30   8.562       35.00               0  8.5063E-02  0.2707      8.0163E-02   42.71      0.6953      0.4801      0.6441      0.7566     -0.1129    
     7.5559     5.4909     3.3121       -92.34    487.94    334.96  4.5162E+10  4.6668E+10  76.022       70.65       68.81              31   4.648       30.00               0  0.2159      0.4091      0.1448       45.42      0.4814      0.2343      4.7962E-02  0.9981      3.9793E-02
     7.1644     4.7792     2.9230       -66.97    477.08    326.85  5.7206E+10  6.3227E+10  84.614       82.10       77.64              32   6.714       38.00               0  0.1342      0.5912      5.8684E-02   46.93      0.7162      0.4460      0.1714     -0.1784      0.9689    
     7.0839     4.2474     2.2905       -92.91    503.59    318.53  4.0646E+10  4.0646E+10  72.941       58.02       64.81              33   3.586       27.00               0  0.1318      6.8333E-02  4.4937E-02   43.87      0.5691      0.2616      0.6424      0.6155      0.4566    
     6.9149     4.6475     1.7730       -28.23    454.14    292.26  5.7206E+10  5.7206E+10  81.755       73.39       74.05              34   4.337       38.00               0  0.1400      0.3323      2.7488E-02   48.22      0.6108      0.2807      0.9151      0.3960      7.5754E-02
     7.1819     5.1871     0.6340      -122.69    472.51    248.60  3.0108E+10  3.0108E+10  66.009       58.98       57.67              35   2.808       20.00               0  0.3140      0.3123      0.1128       41.62      0.2572      0.1410      0.9431     -0.3047      0.1328    
     7.3976     7.7388     7.0654       251.75    -11.22    -11.12  4.3657E+10  5.8711E+10  82.415       99.96       67.91              36   6.264       29.00               0  0.1598       2.217      0.1152       45.39      0.7341      0.4940      5.7938E-02 -0.4946      0.8672    
     7.3698     6.8631     7.8057      -716.63    549.52     40.04  1.7914E+11  1.8667E+11  121.24       107.9       109.3              37   4.925       119.0               0  0.1280      0.1266      3.9434E-02   65.22      0.7673      0.5840      0.5833     -5.3296E-02  0.8105    
     6.9903     7.2116     7.0916      -114.58    684.38   -270.57  8.2798E+10  1.4151E+11  110.54       104.7       82.25              38   6.956       55.00               0  0.1665       1.127      6.3428E-02   57.27      0.8215      0.6868     -0.5087      0.4846      0.7117    
     6.9525     7.2854     7.4304      -137.45    321.65    349.39  1.8366E+11  8.7013E+11  196.22       119.4       129.1              39   27.15       122.0              46  3.9302E-02 -0.1302      6.3020E-03   64.97      0.9192      0.8654      0.7097     -0.2993      0.6378    
     7.0411     7.7913     6.9915      -214.50    -64.29   -348.17  7.5271E+10  1.1291E+11  94.951       85.90       96.12              40   12.60       50.00              41  7.8689E-02 -0.4957      2.1649E-02   40.84      0.7596      0.7398     -0.2658     -0.2500      0.9311    
     6.8849     7.6068     7.0378        32.30    163.73    115.68  3.4429E+12  3.9351E+12  314.77       311.3       310.8              41   6.528       2287.               0  1.5615E-02  0.1559      2.3027E-02   167.3      0.8246      0.6893      0.7405     -0.6504      0.1694    
     6.4880     7.7417     7.5926      -138.65    514.68     25.57  3.3119E+10  1.7764E+11  117.10       160.2       53.52              42   9.286       22.00               0  0.2366       13.34      7.4888E-02   72.12      0.6566      0.4654      0.2786      0.8636     -0.4201    
     6.6077     7.4387     7.7266         6.81    181.61    130.21  1.7162E+11  2.9536E+12  185.39       126.6       132.6              43   30.15       114.0              46  6.2540E-02  1.1977E-02  2.5624E-03   74.41      0.8204      0.7659     -0.2995      0.9540     -1.1839E-02
     6.6857     7.4484     7.7458       206.41    584.17   -368.46  6.1722E+10  3.8237E+11  82.726       106.0       102.5              44   18.12       41.00              46  7.8042E-02 -0.4029      7.9373E-03   29.58      0.9304      0.8291      0.1397      0.9251     -0.3531    
     6.8124     7.2916     7.7655       215.55    833.91     22.90  6.7743E+10  1.6906E+12  123.82       162.9       115.0              45   43.91       45.00              46  5.8527E-02  0.2393      3.5543E-03   35.28      0.8380      0.7564     -0.2792     -0.2991      0.9125    
     6.6839     7.2547     7.7547      -171.14    589.92     60.76  1.3781E+13  1.4630E+13  518.84       467.4       441.9              46   3.033       9154.               0  3.1034E-02  0.1907      1.9514E-02   302.6      0.9042      0.4191      9.1498E-02  0.8693     -0.4858    
     6.2368     7.3433     6.9046       -70.39     39.64     30.62  3.7635E+10  3.9141E+10  72.046       73.14       71.10              47   8.329       25.00               0  8.6603E-02  0.5192      8.2922E-02   36.64      0.8097      0.5792      0.1294     -0.6761      0.7254    
     5.9538     6.6971     7.2368       287.42    586.90    412.13  6.6238E+10  6.6238E+10  84.945       78.61       84.67              48   7.300       44.00               0  6.8437E-02  0.1956      4.3744E-02   45.07      0.7690      0.6017      0.2248      0.7964     -0.5615    
     6.9079     6.0167     7.1627      -199.05    716.44    460.39  1.5506E+11  1.5656E+11  114.34       108.3       107.2              49   5.752       103.0               0  6.1121E-02  0.2391      5.2302E-02   59.52      0.7204      0.5192     -0.5043      0.7197      0.4771    
     7.0198     6.5382     7.2937      -276.91    709.54    535.66  6.3227E+10  6.4733E+10  85.193       72.22       74.30              50   3.309       42.00               0  0.1387      0.1629      3.9977E-02   49.94      0.5164      0.3774      0.3049      0.2095      0.9291    
     6.8999     5.7237     7.5583       -13.37    698.01    406.86  3.9442E+11  4.0646E+11  157.11       161.6       163.1              51   10.28       262.0               0  6.7140E-02  0.2475      9.3511E-03   76.06      0.9227      0.7825     -0.6828     -4.5883E-02  0.7292    
     6.4958     5.1992     7.4388       -71.22    687.64    343.43  3.3119E+10  3.9141E+10  72.046       73.82       72.77              52   12.30       22.00               0  0.1579      0.4535      8.9431E-02   30.66      0.5759      0.4271     -0.2340      0.9366      0.2608    
     7.2705     4.5527     4.7958       -58.88    529.86    359.25  6.7743E+10  7.0754E+10  87.747       79.76       77.20              53   4.058       45.00               0  9.1129E-02  0.4377      5.8807E-02   51.85      0.5863      0.5270      0.2082      0.9246     -0.3190    
     7.2835     4.7180     4.8139       -66.16    509.09    351.61  3.4624E+10  3.9141E+10  72.046       65.58       59.72              54   3.255       23.00               0  0.2737      0.7522      0.1382       46.63      0.4493      0.2475     -0.3978      0.2972      0.8680    
     7.7027     5.7568     5.1171      -187.17    542.94    357.14  7.6776E+11  7.7228E+11  194.54       181.5       175.1              55   4.184       510.0               0  5.2349E-02  0.2178      2.4944E-02   110.8      0.6325      0.4960      0.4545      0.8861     -9.0385E-02
     7.5546     5.3690     5.3822      -105.46    597.16    307.41  4.3657E+10  4.3657E+10  74.704       64.15       67.17              56   4.057       29.00               0  0.1919      0.2708      8.5333E-02   45.32      0.3579      0.1606     -0.4515     -0.1247      0.8835    
     5.7708     3.9686     7.0375        31.82    469.40    353.60  3.6130E+10  3.9141E+10  72.046       64.40       58.99              57   2.150       24.00               0  0.1803      0.5886      4.5956E-02   46.00      0.5174      0.2662      0.1763      0.9670      0.1838    
     5.8189     7.1660     6.4047       215.51    557.39    430.91  1.1441E+11  1.1592E+11  103.44       93.05       93.85              58   4.633       76.00               0  7.4926E-02  0.1688      6.6700E-02   57.23      0.5499      0.4861      0.8229      0.5324      0.1986    
     5.2616     7.6332     6.9616       399.02    321.02    189.07  7.6776E+11  7.7378E+11  194.74       190.8       196.3              59   8.524       510.0               0  5.5861E-02  0.1617      2.7470E-02   100.3      0.7936      0.6188      0.7389     -6.1632E-03  0.6737    
     4.6261     7.4452     7.2813       317.62    445.28    291.45  4.0646E+10  4.0646E+10  72.941       62.69       70.43              60   6.681       27.00               0  5.2193E-02  9.6187E-02  6.4814E-02   37.45      0.7233      0.5403     -0.7526      0.4783      0.4525    
     2.1377     5.2050     7.7057        14.74    335.71    253.30  9.6346E+10  9.7852E+10  97.870       91.29       86.80              61   3.890       64.00               0  0.1154      0.3658      6.7833E-02   56.69      0.6539      0.5362     -0.3433      0.8651      0.3657    
     2.5369     4.2783     7.1124        42.05    338.70    331.41  7.8281E+10  7.8281E+10  90.761       78.01       84.33              62   5.266       52.00               0  0.1083      0.1389      6.5460E-02   51.78      0.6041      0.4077     -0.2264      0.5159      0.8262    
     1.3115     5.0721     7.4468        20.80    257.39    239.68  1.1140E+11  2.1828E+11  88.104       112.3       93.51              63   2.451       74.00              64  0.1028     -8.2267E-02  6.2230E-02   55.91      0.8008      0.6381      3.7610E-02  0.7146      0.6985    
     1.3284     5.1566     7.4663        73.30    237.60    222.38  1.2209E+12  1.2299E+12  227.24       225.0       209.5              64   5.101       811.0               0  3.7844E-02  0.3927      7.5583E-02   125.3      0.7326      0.6909      0.7168      0.6630     -0.2160    
     0.6863     5.5009     6.9219        48.17    185.72    239.60  8.7314E+10  8.8819E+10  94.663       89.96       97.64              65   9.729       58.00               0  7.0352E-02  0.1253      2.9532E-02   42.14      0.8797      0.7564      0.2594      0.7599     -0.5960    
     0.2346     5.7213     6.6578        70.14    145.30    285.07  5.8711E+10  5.8711E+10  82.445       69.73       74.68              66   4.328       39.00               0  0.1806      0.2581      7.1025E-02   49.25      0.7039      0.5872     -0.5005      0.8176     -0.2848    
     0.5285     5.6086     6.7786        96.85    185.15    259.81  5.4195E+10  5.8711E+10  82.440       84.13       82.48              67   9.758       36.00               0  0.1306      0.5601      4.9519E-02   43.56      0.6841      0.6304      0.1511      0.2942      0.9437    
     1.5559     7.1591     6.6991       167.40    150.40    149.64  3.9141E+10  3.9141E+10  72.046       59.16       62.21              68   2.200       26.00               0  0.1232      0.2629      3.9034E-02   46.24      0.6464      0.1627      6.9852E-02  0.3417      0.9372    
     1.1962     7.5766     6.2439       146.84    133.29    143.34  3.4624E+10  3.6130E+10  70.151       68.38       68.83              69   8.158       23.00               0  9.9585E-02  0.3411      4.1868E-02   34.63      0.5970      0.4201      0.8173     -0.5333      0.2184    
     0.5542     7.1393     5.3207        67.32    197.92    176.87  7.3765E+10  7.5271E+10  89.577       86.15       88.25              70   7.858       49.00               0  0.1029      0.3063      4.5287E-02   47.07      0.8703      0.7698      0.5583      0.8258     -7.9836E-02
     1.9290     8.6081     0.7055       125.61    358.79    266.98  8.8819E+10  9.1830E+10  95.706       84.24       88.80              71   5.816       59.00               0  5.0985E-02  0.1511      2.4845E-02   49.31      0.7101      0.4773      0.1872      0.5476      0.8155    
     1.9607     8.3011     0.6687        61.72    408.48    289.92  3.0108E+10  3.0108E+10  66.009       60.01       59.33              72   4.053       20.00               0  0.2349      0.3890      9.2300E-02   39.07      0.6466      0.2820      0.6174     -0.3892      0.6836    
     2.1933     8.9679     0.7830       105.55    377.91    250.12  5.5700E+10  5.5700E+10  81.298       79.24       85.07              73   10.22       37.00               0  7.8160E-02  0.2812      4.1793E-02   40.90      0.9014      0.5266      0.6796      0.5073     -0.5299    
     2.3420     9.1736     1.0231       154.32    327.43    287.56  5.7206E+10  5.7206E+10  81.755       79.17       82.42              74   8.394       38.00               0  0.1004      0.3515      7.3057E-02   41.03      0.9334      0.6457      0.6386      0.1019      0.7627    
     1.0201    10.5588     2.9939       138.87    222.25    170.44  4.6668E+10  4.9679E+10  78.001       61.85       71.32              75   5.823       31.00               0  0.1801      8.6993E-02  7.7272E-02   44.70      0.6840      0.5670     -0.4494     -0.1454      0.8814    
     0.5986    10.2758     2.9884       187.16    253.32    148.53  5.1184E+10  5.4195E+10  80.286       71.68       69.82              76   3.874       34.00               0  0.2253      0.3954      4.8782E-02   47.39      0.9375      0.5363      0.7518      0.4303      0.4997    
     0.8908    10.4276     3.0092       189.67    240.23    171.99  6.3227E+10  6.3227E+10  84.514       77.62       85.65              77   8.601       42.00               0  5.1783E-02  0.2225      8.0712E-02   42.57      0.7374      0.5463      0.6782     -0.4713      0.5639    
     3.1394    11.3729     2.9517       256.55    310.07    179.99  3.1614E+10  3.3119E+10  68.145       61.89       61.61              78   5.126       21.00               0  0.2871      0.3939      6.7162E-02   41.67      0.7618      0.3984      0.2319      0.9454      0.2290    
     3.4881    10.2915     3.8812       301.33    298.90    170.21  1.2043E+11  1.2796E+11  106.90       91.94       101.6              79   7.220       80.00               0  7.5282E-02  9.2693E-02  2.4950E-02   58.65      0.8550      0.5743      0.3258      0.9454      2.8102E-03
     2.5346    10.6430     2.9196       241.69    314.23    115.64  3.1614E+10  3.1614E+10  66.560       54.72       60.22              80   3.847       21.00               0  0.2576      0.1568      4.1835E-02   41.61      0.2396      0.1831      0.7119     -0.6396      0.2901    
     2.3495    11.0872     2.9059       236.96    282.61    184.75  3.2667E+11  3.2818E+11  146.32       146.5       144.7              81   7.684       217.0               0  3.2106E-02  0.2936      7.4551E-02   74.78      0.9244      0.8220      0.1324     -0.2187      0.9668    
     1.1035    11.6383     0.4542       228.39    299.97    200.21  6.0216E+10  6.1722E+10  83.847       72.98       72.76              82   3.094       40.00               0  9.1288E-02  0.3499      7.4888E-02   51.52      0.4466      0.3930     -0.3848      0.7247      0.5716    
     0.5234    10.9384     1.1773       209.26    209.77    160.25  4.3657E+10  4.3657E+10  74.476       57.67       66.52              83   3.617       29.00               0  0.1336      2.9227E-02  4.7050E-02   43.92      0.6640      0.3392     -0.6415      0.5521      0.5325    
